,chain_ERCcv_lr,chain_ERCcv_rf,global_rf,local_lasso,local_mean,local_rf
chain_ERCcv_lr,1.0,-0.449,-0.439,0.224,0.0,-0.673
chain_ERCcv_rf,0.449,1.0,0.133,0.541,0.429,-0.276
global_rf,0.439,-0.133,1.0,0.704,0.571,-0.49
local_lasso,-0.224,-0.541,-0.704,1.0,-0.143,-0.745
local_mean,-0.0,-0.429,-0.571,0.143,1.0,-0.714
local_rf,0.673,0.276,0.49,0.745,0.714,1.0
