,chain_ERCcv_lr,chain_ERCcv_rf,global_rf,local_lasso,local_mean,local_rf
chain_ERCcv_lr,1.0,-0.214,0.255,0.571,0.571,-0.112
chain_ERCcv_rf,0.214,1.0,0.449,0.571,0.571,0.194
global_rf,-0.255,-0.449,1.0,0.143,0.143,-0.276
local_lasso,-0.571,-0.571,-0.143,1.0,-0.286,-0.286
local_mean,-0.571,-0.571,-0.143,0.286,1.0,-0.286
local_rf,0.112,-0.194,0.276,0.286,0.286,1.0
