,chain_ERCcv_lr,chain_ERCcv_rf,global_rf,local_lasso,local_mean,local_rf
chain_ERCcv_lr,1.0,0.469,0.265,0.48,0.143,0.429
chain_ERCcv_rf,-0.469,1.0,-0.357,-0.01,-0.714,-0.143
global_rf,-0.265,0.357,1.0,0.327,-0.571,0.245
local_lasso,-0.48,0.01,-0.327,1.0,-0.857,-0.112
local_mean,-0.143,0.714,0.571,0.857,1.0,0.714
local_rf,-0.429,0.143,-0.245,0.112,-0.714,1.0
