,chain_ERCcv_lasso,chain_ERCcv_lr,chain_ERCcv_mean,chain_ERCcv_rf,global_bag,global_rf,local_lasso,local_lr,local_mean,local_rf
chain_ERCcv_lasso,1.0,0.0353,0.0001,0.0001,0.0295,0.0031,0.0001,0.0166,0.0001,0.0067
chain_ERCcv_lr,0.0353,1.0,0.0002,0.9515,0.1531,0.1937,0.3575,0.2412,0.0002,0.6257
chain_ERCcv_mean,0.0001,0.0002,1.0,0.0001,0.0001,0.0001,0.0001,0.0002,1.0,0.0001
chain_ERCcv_rf,0.0001,0.9515,0.0001,1.0,0.1189,0.104,0.4263,0.8077,0.0001,0.0676
global_bag,0.0295,0.1531,0.0001,0.1189,1.0,0.9032,0.0006,0.104,0.0001,0.5016
global_rf,0.0031,0.1937,0.0001,0.104,0.9032,1.0,0.004,0.1531,0.0001,0.6698
local_lasso,0.0001,0.3575,0.0001,0.4263,0.0006,0.004,1.0,0.6257,0.0001,0.0295
local_lr,0.0166,0.2412,0.0002,0.8077,0.104,0.1531,0.6257,1.0,0.0002,0.5416
local_mean,0.0001,0.0002,1.0,0.0001,0.0001,0.0001,0.0001,0.0002,1.0,0.0001
local_rf,0.0067,0.6257,0.0001,0.0676,0.5016,0.6698,0.0295,0.5416,0.0001,1.0
