,chain_ERCcv_lasso,chain_ERCcv_lr,chain_ERCcv_mean,chain_ERCcv_rf,global_bag,global_rf,local_lasso,local_lr,local_mean,local_rf
chain_ERCcv_lasso,1.0,0.0001,1.0,0.0002,0.0001,0.0001,0.0001,0.0001,1.0,0.0001
chain_ERCcv_lr,0.0001,1.0,0.0001,0.0419,0.0134,0.0203,0.8552,0.7609,0.0001,0.0295
chain_ERCcv_mean,1.0,0.0001,1.0,0.0002,0.0001,0.0001,0.0001,0.0001,1.0,0.0001
chain_ERCcv_rf,0.0002,0.0419,0.0002,1.0,0.7148,0.5416,0.0001,0.0023,0.0002,0.3575
global_bag,0.0001,0.0134,0.0001,0.7148,1.0,0.5016,0.0001,0.0006,0.0001,0.4631
global_rf,0.0001,0.0203,0.0001,0.5416,0.5016,1.0,0.0001,0.0017,0.0001,0.2676
local_lasso,0.0001,0.8552,0.0001,0.0001,0.0001,0.0001,1.0,0.5016,0.0001,0.0001
local_lr,0.0001,0.7609,0.0001,0.0023,0.0006,0.0017,0.5016,1.0,0.0001,0.0023
local_mean,1.0,0.0001,1.0,0.0002,0.0001,0.0001,0.0001,0.0001,1.0,0.0001
local_rf,0.0001,0.0295,0.0001,0.3575,0.4631,0.2676,0.0001,0.0023,0.0001,1.0
