,local_lr,local_lasso,local_rf,local_mean,global_bag,global_rf,chain_ERCcv_lr,chain_ERCcv_lasso,chain_ERCcv_rf,chain_ERCcv_mean
local_lr,1.0,0.583,0.0085,0.0001,0.0017,0.0017,0.391,0.0001,0.0134,0.0001
local_lasso,0.583,1.0,0.0001,0.0001,0.0001,0.0002,0.2958,0.0001,0.0012,0.0001
local_rf,0.0085,0.0001,1.0,0.0001,0.3575,0.5016,0.0353,0.0001,0.2412,0.0001
local_mean,0.0001,0.0001,0.0001,1.0,0.0001,0.0001,0.0001,1.0,0.0001,1.0
global_bag,0.0017,0.0001,0.3575,0.0001,1.0,0.8077,0.0166,0.0001,0.1937,0.0001
global_rf,0.0017,0.0002,0.5016,0.0001,0.8077,1.0,0.0203,0.0001,0.1531,0.0001
chain_ERCcv_lr,0.391,0.2958,0.0353,0.0001,0.0166,0.0203,1.0,0.0001,0.0419,0.0001
chain_ERCcv_lasso,0.0001,0.0001,0.0001,1.0,0.0001,0.0001,0.0001,1.0,0.0001,1.0
chain_ERCcv_rf,0.0134,0.0012,0.2412,0.0001,0.1937,0.1531,0.0419,0.0001,1.0,0.0001
chain_ERCcv_mean,0.0001,0.0001,0.0001,1.0,0.0001,0.0001,0.0001,1.0,0.0001,1.0
