,local_lr,local_lasso,local_rf,local_mean,global_bag,global_rf,chain_ERCcv_lr,chain_ERCcv_lasso,chain_ERCcv_rf,chain_ERCcv_mean
local_lr,1.0,0.184,-0.571,-1.0,-0.622,-0.602,-0.051,-1.0,-0.459,-1.0
local_lasso,-0.184,1.0,-0.816,-1.0,-0.776,-0.704,-0.214,-1.0,-0.684,-1.0
local_rf,0.571,0.816,1.0,-1.0,-0.173,-0.224,0.5,-1.0,0.163,-1.0
local_mean,1.0,1.0,1.0,1.0,1.0,1.0,1.0,0.827,1.0,0.0
global_bag,0.622,0.776,0.173,-1.0,1.0,-0.112,0.49,-1.0,0.276,-1.0
global_rf,0.602,0.704,0.224,-1.0,0.112,1.0,0.429,-1.0,0.286,-1.0
chain_ERCcv_lr,0.051,0.214,-0.5,-1.0,-0.49,-0.429,1.0,-1.0,-0.418,-1.0
chain_ERCcv_lasso,1.0,1.0,1.0,-0.827,1.0,1.0,1.0,1.0,1.0,-0.827
chain_ERCcv_rf,0.459,0.684,-0.163,-1.0,-0.276,-0.286,0.418,-1.0,1.0,-1.0
chain_ERCcv_mean,1.0,1.0,1.0,-0.0,1.0,1.0,1.0,0.827,1.0,1.0
