,local_lr,local_lasso,local_rf,local_mean,global_bag,global_rf,chain_ERCcv_lr,chain_ERCcv_lasso,chain_ERCcv_rf,chain_ERCcv_mean
local_lr,1.0,1.0,0.153,0.0045,0.034,0.034,1.0,0.0045,0.2278,0.0045
local_lasso,1.0,1.0,0.0045,0.0045,0.0045,0.0045,1.0,0.0045,0.0252,0.0045
local_rf,0.153,0.0045,1.0,0.0045,1.0,1.0,0.4942,0.0045,1.0,0.0045
local_mean,0.0045,0.0045,0.0045,1.0,0.0045,0.0045,0.0045,1.0,0.0045,1.0
global_bag,0.034,0.0045,1.0,0.0045,1.0,1.0,0.2656,0.0045,1.0,0.0045
global_rf,0.034,0.0045,1.0,0.0045,1.0,1.0,0.3045,0.0045,1.0,0.0045
chain_ERCcv_lr,1.0,1.0,0.4942,0.0045,0.2656,0.3045,1.0,0.0045,0.5447,0.0045
chain_ERCcv_lasso,0.0045,0.0045,0.0045,1.0,0.0045,0.0045,0.0045,1.0,0.0045,1.0
chain_ERCcv_rf,0.2278,0.0252,1.0,0.0045,1.0,1.0,0.5447,0.0045,1.0,0.0045
chain_ERCcv_mean,0.0045,0.0045,0.0045,1.0,0.0045,0.0045,0.0045,1.0,0.0045,1.0
